3668
3669
3970
3974
5660
7726
7727
8563
8564
11449
11450
11689
11692
11693
12243
12244
12249
12250
12251
12252
12253
12254
12745
17184
17185
18501
18502
18503
22955
22958
22960
22963
23204
23205
23206
23207
23208
23209
23210
23211
23693
23694
23706
23707
23708
23709
23710
23711
25252
25257
26863
26864
26867
26868
27012
27013
27028
27029
27030
27031
27032
27033
27395
27396
27802
27803
27804
27805
27806
27807
28844
28845
28846
28847
32291
32292
35527
41516
41517
41527
41532
41533
41534
41535
41536
41537
41540
41541
41785
41786
41787
41788
41789
41791
41792
41793
41794
41795
41970
43199
43200
43588
43589
43590
43591
43599
43600
43612
43613
43614
44038
44039
44040
44041
46728
46729
46730
46731
47564
47565
49998
49999
50504
50587
50592
51193
51194
51201
51202
53396
53397
53398
53399
53400
53401
53402
53403
53569
53570
53823
53824
55159
55160
59116
59117
59351
59352
59987
59988
59989
59990
60288
60289
60859
60860
60861
60862
60863
60864
63399
63400
63401
63402
63403
63404
64003
64004
64005
64006
64007
64008
64009
64010
64011
64012
64013
64014
64521
64522
68443
68444
68445
68446
68447
68448
68449
68450
68451
68452
68453
68813
72446
72447
72806
80778
82993
82994
88259
88260
88392
88393
89170
89171
89184
89185
89288
89289
89292
89293
89294
89295
89525
89526
92389
92390
92396
92397
92413
92414
95752
95753
95754
95755
95758
95759
100601
101658
101659
101683
103661
103662
103665
103666
103667
103668
103669
103671
103672
103673
103674
103676
103677
103678
103679
103684
103685
103848
105333
105334
105335
105336
111851
111852
114732
114733
114734
114735
114736
114737
114738
114739
114740
114741
116005
116006
116011
116012
116013
116014
118959
118962
118974
122829
122830
123407
123408
123409
123410
124049
124050
124051
124052
124053
124054
125081
125082
125083
125084
127011
127012
127551
132080
138158
138159
138162
138163
138171
138172
138173
138174
138175
138176
138177
138178
138179
138180
138181
138182
138183
138184
140815
140816
142234
142235
142317
142906
142907
143398
143399
147286
147287
147288
147289
151098
151099
156471
156472
160653
160654
1010
1011
5492
5525
5526
5527
5528
5532
10024
12142
12143
12237
12238
14707
14708
14915
14916
14917
14918
14919
14920
14923
14924
25262
28965
28970
29120
41512
41513
41524
41525
41770
41772
41784
43583
43584
43598
45598
45599
49239
49240
49243
49244
50499
67662
67663
67664
67665
75902
75903
76401
76402
77331
81498
90638
90639
91036
91270
91271
100618
103257
103258
105819
105820
124046
140276
140279
140322
140323
140324
140325
140327
140328
140331
140334
140395
140396
140397
140398
140401
140402
140823
142870
142871
143093
150424
2803
2804
4758
4760
4765
5383
5384
9146
10006
10023
10051
10752
10767
10768
10769
10812
10825
10826
10827
10828
10829
10830
10831
10832
10902
11616
11617
11618
11619
11620
11621
11988
11989
11990
11998
11999
12136
12137
13474
13475
13476
13477
13478
22542
23784
23785
25527
30077
30737
40115
40116
40117
40118
40129
40130
40131
40132
40143
40144
43198
43203
44042
44043
44044
44053
44060
51643
55198
55199
55200
55201
55202
55203
59283
59994
64550
64551
64552
64553
67534
67537
72813
74885
74886
74887
75201
75265
76560
76664
76673
76674
83014
85191
85194
91893
93848
94090
102437
104152
104162
121695
127420
127936
128951
133426
133967
133981
133983
135935
135956
138152
138153
138189
138190
138198
138887
138888
138889
138890
139702
140607
141516
141517
141518
141519
142566
142567
142568
142570
142571
142572
145475
145476
145477
145478
145479
145480
145481
145482
145483
146298
146301
146302
146303
146306
146312
146313
146316
146317
146318
146319
146323
146327
146328
148584
150429
150430
150431
150433
150434
150435
150436
150437
150438
158716
158719
158720
158721
158722
158723
158724
159211
159212
159255
159258
159259
159262
159263
159264
159265
24
27
28
31
32
1707
1708
1709
7723
7724
8346
12213
12214
12215
12218
12219
12239
12240
14614
14693
14702
14703
14704
14705
14706
14715
14718
14719
22360
28483
28488
28966
28969
29919
29920
41773
43978
43981
46348
46349
46358
46359
52785
52788
59270
59271
59274
59275
59278
67319
67320
67659
86670
86671
92062
92063
94511
94512
94513
94514
94515
94696
94697
96008
96009
96010
96011
96025
96026
96027
103933
104171
107752
107753
111853
111854
116879
116882
117017
123151
130231
130252
130253
130254
130255
130256
130257
130264
138870
138891
138892
138893
143094
143095
143096
147525
147526
158751
158759
