172517201
173981601
174959601
175264401
176444401
178614601
178698301
179115601
179143601
179740801
182450201
183739501
183748501
184393901
184610401
184786401
185244601
185980801
187291201
188011701
188148701
188725701
190359701
190993301
192065801
192611301
192773901
193416901
193717901
194153801
194282701
195252101
198001701
198281101
199704701
200000401
202531201
203009001
203182101
203826301
204044801
204933701
206492401
207212101
212097001
213229601
213581701
214510101
214804801
214927501
215527101
215982001
216085401
216367501
218129501
218270101
220113301
220461201
221372101
221502101
221580101
222989201
223821301
226362501
226456501
227229301
228577601
229236201
229739201
229915601
230109201
231667201
234571801
234608301
234644001
235514401
235923701
236829401
237649901
237770301
240556101
240695001
241930601
243168001
244009901
245589101
250122501
250200301
250914801
251434201
251767001
252266901
253297701
253715101
254223901
255731301
256936301
257899901
258341401
258633401
258949701
259530801
260789201
261665001
263103901
263236501
263372901
263779501
263884401
265547401
266078001
267221101
267295301
267813201
269229901
270033301
270072401
270154001
270285201
273025501
273202901
274810001
275395901
275808301
275938401
277381801
280690901
281889301
282607401
283005101
285318701
286364801
287563701
289380101
290095901
290122501
291632601
292035901
292045801
292463701
292564601
293225601
293358201
293458601
294952601
295014201
295537501
296079601
297030401
297216501
298482001
299075601
299212901
299614401
300737701
300781801
301660501
302019401
303264301
303386001
303495701
304031401
307278301
307509301
308228501
308449501
309585501
309716201
310304601
311930601
312430701
313195401
315065601
315586201
316215601
319963001
322233901
322660401
322698601
324885801
325315901
325612101
326098801
326573801
326924701
327270701
328546801
328638601
329173101
330244501
331845001
332065801
332098801
333228001
334607201
335440701
335530101
336130401
336268301
336409301
336727401
337958701
338441401
339710801
339879101
342851601
343096201
343559101
343948201
344365601
344620501
347218101
347336101
347346001
348134001
348365201
349806801
350775701
350788101
352458801
352576801
352889201
352930201
353225701
353853701
358408201
358705701
359213201
363286601
363540801
365163401
365167001
366935801
367060901
367220701
367315601
367389001
367773201
369039401
369814701
370312601
371222501
372696501
373332101
373437701
373546901
375382001
377663701
378016001
378496301
381098901
381195001
381325101
383490501
384686301
384897301
385638401
386865201
386907601
389132801
389951501
390120701
390267801
391486301
392436701
393192001
395567901
398513201
401249901
402855801
403312001
405175801
405197701
408039201
408687101
408806901
411070401
412280801
412971201
413156001
416228901
417052501
417249501
417338501
417394101
418192401
419982001
420346001
421094901
421208501
421227701
421658201
421745001
421991801
422045001
422769201
422891401
424513801
425589001
426086101
428377501
429558801
429908001
432911801
433628401
434714701
437028401
437192801
437668801
437773201
438078601
441375401
443419601
444224701
444559301
444886301
444967401
445569501
445650801
447054501
447520801
447972201
450591301
450600501
450778501
